DUALPOOL THRESH: 50000
bus,chip:: 0, 0
16 21 24 29 31 35 35 31 35 35 54 29 30 35 45 33 36 35 30 55 29 42 35 30 36 30 38 28 33 32 41 32 27 55 35 31 40 27 31 37 37 37 33 25 42 39 53 28 31 30 29 40 30 36 47 39 40 36 30 31 26 33 33 42 35 29 29 33 51 32 68 36 31 48 44 36 44 33 36 53 26 38 41 78 50 45 40 31 34 53 37 59 20 60 73 15 12 13 28 15 22 14 15 14 14 11 16 33 35 14 15 33 28 11 14 17 15 26 25 18 20 18 32 3 3 3 3 3 3 22 3 3 3 3 3 3 3 42 3 3 3 3 3 3 3 31 3 3 3 3 3 3 3 39 3 3 3 3 3 3 3 24 3 3 3 3 3 3 3 36 3 3 3 3 3 3 3 49 3 3 3 3 3 3 3 51 3 3 3 3 3 3 3 18 3 3 3 3 3 15 4 26 4 4 4 4 4 4 4 16 5 5 5 5 5 5 5 19 5 5 5 5 5 5 5 17 5 5 5 5 5 5 5 38 5 5 5 5 15 5 5 15 5 5 12 5 5 5 5 31 5 5 24 5 5 34 5 13 5 5 25 5 5 15 5 34 5 5 30 5 5 14 5 43 5 5 36 5 5 36 5 33 5 5 21 5 5 27 5 25 5 5 14 5 5 21 5 44 5 5 24 5 5 18 5 14 5 5 23 5 5 15 5 35 5 5 14 5 5 5 12 30 5 5 5 15 5 13 5 37 5 5 5 16 5 5 5 33 5 5 5 26 5 5 5 32 5 5 5 14 5 5 19 21 5 5 27 5 5 5 15 14 5 5 33 5 5 5 17 33 5 5 22 5 5 5 13 21 5 5 13 5 5 5 36 30 5 5 29 5 5 5 15 30 5 5 29 5 5 5 12 5 43 5 16 5 5 5 17 5 15 5 28 5 5 5 26 5 46 5 5 30 5 5 36 5 29 5 5 15 5 5 34 5 39 5 5 14 5 5 22 5 15 5 5 17 5 5 20 5 16 5 5 17 5 5 13 5 14 5 5 13 5 5 22 5 38 5 5 30 5 5 16 5 37 5 5 40 5 5 16 5 15 5 5 45 5 5 39 5 16 5 5 15 5 5 16 5 51 5 5 14 5 5 15 5 30 5 16 33 18 14 19 15 16 16 5 5 35 43 20 5 17 5 5 14 5 5 5 5 15 5 5 13 5 5 5 5 14 5 5 46 5 5 15 5 23 5 5 15 5 5 18 5 21 5 5 17 5 35 5 5 29 5 5 13 5 17 5 5 63 5 5 19 5 16 5 5 56 5 5 30 5 25 5 5 19 5 5 16 5 5 5 5 70 5 5 27 5 5 5 5 23 5 5 40 5 5 5 5 20 5 5 23 5 27 5 5 99 5 5 22 5 43 5 5 24 5 5 20 5 37 5 5 52 5 5 51 5 24 5 5 13 5 5 33 5 5 26 5 33 5 5 32 5 5 35 5 26 5 5 23 5 5 15 5 48 5 5 15 5 5 15 5 37 5 5 18 5 5 30 5 19 5 5 47 5 5 14 5 15 5 5 17 5 5 31 5 14 5 5 24 5 5 15 5 18 5 5 35 5 5 31 5 25 5 5 21 5 5 15 5 22 5 5 27 5 5 25 5 17 5 5 34 5 5 22 5 38 5 5 19 5 5 20 5 14 5 5 22 5 5 46 5 26 5 5 16 5 5 16 5 54 5 5 34 5 5 60 5 67 5 5 35 5 5 47 5 19 5 5 35 5 5 35 5 37 5 5 63 5 5 18 5 21 5 5 16 5 5 16 5 38 5 5 18 5 5 14 5 53 5 5 40 5 4 4 4 29 5 5 5 5 5 4 5 5 6 6 30 6 6 6 6 6 6 6 33 6 6 17 5 5 5 5 19 5 17 55 5 18 4 4 4 4 4 40 4 83 4 4 4 4 4 21 4 14 4 4 4 4 4 12 4 17 4 4 4 4 4 64 4 51 4 4 4 4 4 35 4 12 4 4 4 4 4 16 4 48 4 4 4 4 4 29 4 37 4 4 4 4 4 49 4 20 4 4 4 4 4 27 4 23 4 4 4 4 4 13 4 36 4 4 4 4 4 13 4 4 18 4 4 4 4 36 4 4 14 4 4 4 4 39 4 4 14 4 4 4 4 47 4 4 14 4 4 4 4 27 4 4 24 4 4 4 4 35 4 4 39 4 4 4 4 47 4 4 19 4 4 4 4 34 4 4 15 4 4 4 4 46 4 4 18 4 4 4 4 16 4 4 14 4 4 4 4 19 4 4 39 4 4 4 4 
-----------------------max ec: 99
bluessd: ==========================Performance summary========================
bluessd: # of page reads: 48867
bluessd: # of page writes: 987287
bluessd: # of blk erasures: 14404
bluessd: ===================Wear-leveling performance summary=================
bluessd: # of page copies: 0
bluessd: # of blk erasures: 0
bluessd: # of erasure count of the oldest blk: 0
bluessd: =====================================================================
