DUALPOOL THRESH: 50
bus,chip:: 0, 0
21 0 0 24 35 34 31 32 32 31 0 0 0 0 0 0 0 0 0 43 32 37 32 36 40 33 29 31 31 31 0 0 0 6 1 38 48 36 39 34 36 37 41 36 39 37 39 42 37 34 37 32 40 49 39 33 35 34 40 34 39 41 41 38 38 44 39 43 41 38 51 36 38 46 62 37 51 44 53 72 50 33 46 52 52 41 37 44 50 53 59 38 28 57 16 42 19 11 34 15 16 14 16 23 13 12 32 25 34 14 30 14 9 16 13 36 33 12 32 3 3 3 3 12 3 3 3 3 3 3 3 37 3 3 3 3 3 3 3 30 3 3 3 3 3 3 3 15 3 3 3 3 3 3 3 13 3 3 3 3 3 3 3 14 3 3 3 3 3 3 3 25 3 3 3 3 3 3 3 14 3 3 3 3 3 3 3 19 3 3 3 3 3 3 3 13 3 3 4 4 4 4 4 14 4 4 4 4 5 5 5 38 5 5 5 5 15 13 5 33 5 5 5 5 5 5 5 14 5 5 5 5 5 16 43 26 16 5 5 5 5 5 5 16 5 5 18 5 5 5 5 73 5 5 24 5 5 5 5 35 5 5 28 5 15 5 5 14 5 5 32 5 22 5 5 31 5 5 21 5 5 5 5 17 5 5 28 5 5 14 5 35 5 5 18 5 5 10 5 13 5 5 23 5 5 18 5 14 5 5 15 5 5 31 5 45 5 5 21 5 5 13 5 33 5 5 22 5 5 17 5 18 5 5 36 5 5 17 5 15 5 5 26 5 5 25 5 24 5 5 30 5 5 5 16 36 5 5 5 14 5 5 5 12 5 5 5 14 5 5 5 31 5 5 5 29 5 5 5 14 5 5 5 40 5 5 5 37 35 5 5 15 5 5 5 15 18 5 5 33 5 5 5 13 18 5 5 15 5 5 5 31 13 5 5 40 5 5 5 38 24 5 5 14 5 5 5 16 41 5 5 23 5 5 5 17 14 5 5 25 5 5 5 11 15 5 5 19 5 5 5 37 16 5 5 33 5 5 5 18 16 5 5 14 5 5 19 5 17 5 5 17 5 5 33 5 34 5 5 35 5 5 17 5 41 5 5 14 5 5 16 5 24 5 5 12 5 5 14 5 17 5 5 33 5 5 40 5 53 5 5 35 5 5 39 5 16 5 5 16 5 5 14 5 22 5 5 20 5 5 14 5 36 5 5 15 5 5 18 5 19 5 17 39 33 5 35 34 21 10 13 14 25 10 33 5 39 5 5 15 5 5 5 5 29 5 5 22 5 5 15 5 15 5 5 16 5 5 15 5 39 5 5 16 5 5 14 5 52 5 5 39 5 5 13 5 77 5 5 14 5 5 15 5 37 5 5 18 5 5 20 5 20 5 5 38 5 5 15 5 38 5 5 17 5 5 34 5 38 5 5 15 5 5 18 5 30 5 5 16 5 5 16 5 27 5 5 19 5 5 15 5 53 5 5 15 5 5 15 5 38 5 5 16 5 5 39 5 61 5 5 13 5 5 15 5 58 5 5 35 5 35 5 5 17 5 48 5 5 12 5 5 28 5 15 5 5 33 5 5 59 5 5 42 5 13 5 5 16 5 5 15 5 37 5 5 19 5 5 16 5 18 5 5 37 5 5 15 5 15 5 5 102 5 5 18 5 17 5 5 78 5 5 20 5 38 5 5 47 5 5 20 5 17 5 5 84 5 5 32 5 16 5 5 26 5 5 34 5 14 5 5 30 5 5 21 5 19 5 5 55 5 5 15 5 15 5 5 43 5 5 37 5 42 5 5 59 5 5 55 5 5 19 5 34 5 5 26 5 5 36 5 65 5 5 14 5 5 20 5 36 5 5 20 5 5 51 5 11 5 5 72 5 5 17 5 16 5 5 15 5 5 56 5 21 5 5 46 4 24 4 4 24 5 5 4 5 37 5 5 5 6 6 60 6 6 6 6 6 6 6 59 6 6 35 5 5 5 5 20 5 5 68 5 4 36 4 4 4 4 13 4 4 16 4 4 4 4 30 4 4 12 4 4 4 4 40 4 4 18 4 4 4 4 62 4 4 30 4 4 4 4 17 4 4 34 4 4 4 4 29 4 4 35 4 4 4 4 35 4 4 73 4 4 4 4 27 4 4 19 4 4 4 4 36 4 4 20 4 4 4 4 102 4 4 14 4 4 4 4 16 4 74 4 4 4 4 63 4 4 53 4 4 4 4 44 4 4 16 4 4 4 4 4 37 4 38 4 4 4 4 4 75 4 15 4 4 4 4 4 40 4 21 4 4 4 4 4 79 4 20 4 4 4 
-----------------------max ec: 102

bluessd: ==========================Performance summary========================
bluessd: # of page reads: 55285
bluessd: # of page writes: 994355
bluessd: # of blk erasures: 14521
bluessd: ===================Wear-leveling performance summary=================
bluessd: # of page copies: 0
bluessd: # of blk erasures: 0
bluessd: # of erasure count of the oldest blk: 0
bluessd: =====================================================================
