DUALPOOL THRESH: 50000
bus,chip:: 0, 0
16 0 20 26 31 28 35 35 25 33 0 0 0 0 0 0 0 0 0 33 31 42 34 33 37 39 31 34 37 31 0 0 0 0 0 40 33 34 44 40 39 33 38 36 41 39 42 45 42 36 61 44 31 35 38 46 49 40 38 49 34 36 47 28 52 40 38 34 32 50 39 43 60 45 42 40 48 50 42 63 34 36 34 89 49 36 63 40 40 43 66 31 29 36 48 16 15 10 15 44 12 39 39 36 15 13 38 15 41 13 15 15 16 16 15 19 15 19 13 3 3 3 3 13 3 3 3 3 3 3 3 16 3 3 3 3 3 3 3 16 3 3 3 3 3 3 3 22 3 3 3 3 3 3 3 10 3 3 3 3 3 3 3 54 3 3 3 3 3 3 3 15 3 3 3 3 3 3 3 13 3 3 3 3 3 3 3 15 3 3 3 3 3 3 3 13 3 3 3 29 4 4 4 20 4 4 4 4 4 4 4 16 5 5 5 5 5 5 5 14 5 5 5 5 5 5 5 26 5 5 5 5 5 5 5 12 5 5 5 5 5 5 5 30 5 5 17 5 5 5 5 15 5 5 31 5 5 32 5 17 5 5 34 5 5 13 5 33 5 5 16 5 5 18 5 36 5 5 32 5 5 19 5 16 5 5 16 5 5 27 5 16 5 5 17 5 5 14 5 38 5 5 14 5 5 17 5 40 5 5 35 5 5 29 5 48 5 5 15 5 5 16 5 16 5 5 15 5 5 15 5 35 5 5 17 5 5 19 5 14 5 5 16 5 5 19 5 27 5 5 16 5 5 5 29 17 5 5 5 14 5 5 34 16 5 5 26 5 5 5 16 41 5 5 16 5 5 5 33 16 5 5 43 5 5 5 15 43 5 5 35 5 5 5 16 13 5 5 35 5 5 5 16 15 5 5 14 5 5 5 15 15 5 5 15 5 5 5 16 15 5 5 32 5 5 5 33 33 5 5 13 5 5 5 35 19 5 5 5 16 5 5 36 5 15 5 5 36 5 5 34 5 17 5 5 36 5 5 17 5 15 5 5 16 5 5 16 5 39 5 5 13 5 5 14 5 48 5 5 19 5 5 35 5 34 5 5 34 5 5 14 5 16 5 5 13 5 5 36 5 25 5 5 32 5 5 16 5 33 5 5 16 5 5 15 5 35 5 5 15 5 5 13 5 19 5 5 31 5 5 15 5 14 5 5 35 5 5 14 5 15 5 14 14 9 14 15 11 16 33 5 5 22 20 49 5 30 5 5 39 5 5 5 5 20 5 5 18 5 5 5 5 34 5 5 27 5 16 5 5 56 5 5 14 5 15 5 5 30 5 5 41 5 17 5 5 42 5 5 13 5 17 5 5 29 5 5 66 5 21 5 5 74 5 5 14 5 14 5 5 45 5 5 22 5 16 5 5 15 5 5 17 5 5 31 5 22 5 5 62 5 5 11 5 39 5 5 41 5 5 18 5 27 5 5 19 5 5 18 5 50 5 5 20 5 5 15 5 11 5 5 17 5 5 13 5 45 5 5 17 5 5 15 5 27 5 5 25 5 5 33 5 16 5 5 14 5 5 14 5 35 5 5 30 5 5 15 5 19 5 5 17 5 5 39 5 64 5 5 31 5 5 37 5 19 5 5 19 5 5 41 5 16 5 5 17 5 5 23 5 79 5 5 37 5 5 16 5 21 5 5 37 5 5 34 5 73 5 5 34 5 5 32 5 78 5 5 28 5 5 17 5 15 5 5 49 5 5 17 5 89 5 5 16 5 5 20 5 37 5 5 64 5 5 35 5 40 5 5 29 5 5 19 5 69 5 5 15 5 5 36 5 76 5 5 33 5 5 41 5 84 5 5 31 5 5 18 5 21 5 5 20 5 5 30 5 52 5 5 61 5 5 20 5 25 5 5 4 5 5 4 4 67 5 5 4 5 5 5 25 5 6 6 39 6 6 6 6 6 6 6 29 6 6 25 5 5 5 5 23 5 5 13 5 18 4 4 4 4 4 38 4 29 4 4 4 4 4 52 4 70 4 4 4 4 4 13 4 11 4 4 4 4 4 37 4 52 4 4 4 4 4 16 4 4 17 4 4 4 4 77 4 4 46 4 4 4 4 15 4 4 59 4 4 4 4 29 4 4 25 4 4 4 4 116 4 4 24 4 4 4 4 36 4 4 33 4 4 4 4 32 4 4 133 4 4 4 4 42 4 4 30 4 4 4 4 19 4 4 18 4 4 4 4 55 4 4 38 4 4 4 4 20 4 4 43 4 4 4 4 13 4 4 14 4 4 4 4 32 4 4 25 4 4 
-----------------------max ec: 133

bluessd: ==========================Performance summary========================
bluessd: # of page reads: 55074
bluessd: # of page writes: 994323
bluessd: # of blk erasures: 14514
bluessd: ===================Wear-leveling performance summary=================
bluessd: # of page copies: 0
bluessd: # of blk erasures: 0
bluessd: # of erasure count of the oldest blk: 0
bluessd: =====================================================================
