DUAL POOL THRESH: 5
bus,chip:: 0, 0
25 33 32 23 29 29 30 27 30 26 30 29 27 30 33 27 27 28 33 31 30 28 29 23 29 28 30 33 25 37 24 33 27 31 27 30 37 38 25 22 30 30 29 21 30 33 37 27 29 37 28 31 37 28 31 30 26 29 30 37 37 30 31 31 30 29 25 30 29 32 30 39 29 26 30 30 28 30 33 29 31 28 25 17 34 26 26 21 18 31 25 16 25 23 24 33 25 22 24 26 23 25 18 25 20 16 16 16 8 16 26 18 24 16 18 27 24 16 26 5 4 10 4 18 6 6 11 6 6 7 8 16 14 13 16 4 33 4 24 18 26 4 7 11 20 26 9 18 11 4 9 10 20 4 26 33 8 18 32 8 9 27 4 10 9 4 11 4 8 26 33 18 17 8 16 27 24 11 11 30 29 16 31 10 23 9 7 26 13 18 18 27 5 31 18 40 26 36 13 21 19 5 5 29 5 5 5 5 5 5 17 34 5 5 5 5 5 5 5 24 5 5 18 5 5 27 5 31 5 5 18 5 5 29 5 24 5 5 18 5 5 13 5 33 6 5 26 5 5 18 5 40 5 5 19 5 5 12 5 18 5 5 27 5 5 31 5 23 5 5 31 5 5 12 5 40 5 5 18 5 5 19 5 19 5 5 18 5 5 17 5 24 5 5 27 5 5 5 15 40 5 5 25 5 5 5 18 26 5 5 23 5 5 5 15 18 5 5 25 5 5 5 15 29 5 5 19 5 5 5 17 19 5 5 23 5 5 5 18 29 5 5 27 5 5 5 19 25 5 5 31 5 5 5 17 35 5 5 5 28 5 5 5 39 5 5 5 18 5 29 5 24 5 5 5 26 5 37 5 40 5 5 5 27 5 32 5 33 5 5 5 34 5 37 5 19 5 5 5 26 5 5 5 26 5 5 5 25 5 5 40 24 5 5 40 5 5 5 17 34 5 5 27 5 5 5 19 19 5 5 33 5 5 5 35 24 5 5 24 5 5 5 17 5 32 5 31 5 5 5 11 5 19 5 28 5 6 5 21 5 30 5 32 5 5 15 5 5 21 5 25 5 5 32 5 5 34 5 32 5 5 17 5 5 24 5 5 28 5 14 5 5 23 5 5 20 5 16 5 5 23 5 5 40 5 5 5 5 24 5 5 35 5 5 5 5 32 5 5 26 5 16 5 5 23 5 5 25 5 5 5 5 24 5 5 32 5 5 5 5 40 16 35 33 16 5 17 40 37 34 11 5 19 18 19 36 24 11 24 25 18 29 40 26 41 31 5 5 5 5 26 5 26 6 5 5 5 5 5 5 26 5 5 40 31 16 5 5 27 5 5 31 5 5 5 5 40 5 5 26 5 5 5 5 23 5 5 27 5 5 5 5 25 5 5 31 5 5 5 5 19 5 5 27 5 5 5 5 29 5 5 30 5 5 5 5 27 5 5 19 5 34 5 5 19 5 5 31 5 5 5 5 27 5 5 18 6 5 5 5 40 5 5 40 5 5 15 5 26 5 5 30 5 5 5 15 18 5 5 25 5 5 5 13 18 5 5 31 5 5 5 16 26 5 5 30 5 5 5 16 18 5 5 10 5 5 5 18 37 5 5 38 5 5 5 14 22 5 5 18 5 5 20 19 19 18 33 40 6 18 20 25 19 31 27 25 28 38 21 6 33 6 6 24 6 6 6 29 19 27 6 33 6 38 6 6 31 6 7 23 6 6 6 6 40 6 6 30 40 7 18 9 30 6 9 29 33 6 25 7 30 13 23 18 6 34 6 39 34 25 19 12 9 27 33 26 28 26 13 6 34 28 7 9 34 7 27 10 12 14 10 9 34 6 7 6 31 7 29 33 19 34 6 7 7 8 35 8 26 10 6 27 9 10 11 24 26 25 27 18 34 29 23 26 27 6 24 27 34 34 34 33 33 33 33 19 17 24 25 25 34 25 17 17 18 18 40 18 10 6 26 6 30 10 30 16 20 7 6 17 6 34 7 7 31 6 18 27 26 18 23 6 7 7 7 6 21 18 28 18 18 6 34 6 17 47 33 23 34 6 6 31 18 33 9 6 33 34 34 25 7 31 24 19 7 7 25 18 8 18 6 27 26 25 7 17 11 6 25 10 11 26 18 25 25 24 10 30 18 17 30 29 11 38 33 10 29 25 10 32 33 34 34 36 27 19 34 25 33 25 26 25 34 25 25 25 39 19 19 19 18 28 19 36 18 34 24 19 33 33 26 25 25 18 32 31 19 18 29 33 19 19 27 25 33 18 40 19 41 6 19 34 11 7 41 9 27 33 33 29 6 25 29 25 
-----------------------max ec: 47

bluessd: ==========================Performance summary========================
bluessd: # of page reads: 144659
bluessd: # of page writes: 1083828
bluessd: # of blk erasures: 17289
bluessd: ===================Wear-leveling performance summary=================
bluessd: # of page copies: 0
bluessd: # of blk erasures: 0
bluessd: # of erasure count of the oldest blk: 0
bluessd: =====================================================================
